4294967278,346
4294967279,421
4294967278,345
4294967279,420
4294967278,344
4294967279,419
4294967279,418
12,30
12,29
12,28
12,27
4294967279,417
12,26
12,25
12,24
12,23
4294967279,416
12,22
12,21
12,20
12,19
4294967278,343
11,29
11,28
11,27
11,26
11,25
4294967278,342
11,24
11,23
11,22
11,21
11,20
4294967278,341
4294967278,340
13,187
13,186
13,185
13,184
13,183
13,182
13,181
13,180
13,179
13,178
13,177
13,176
13,175
13,174
13,173
13,172
13,171
13,170
13,169
13,168
13,167
13,166
13,165
13,164
13,163
13,162
13,161
13,160
13,159
13,158
13,157
13,156
13,155
13,154
13,153
13,152
13,151
13,150
13,149
13,148
13,147
13,146
13,145
13,144
13,143
13,142
13,141
13,140
13,139
13,138
13,137
13,136
13,135
13,134
13,133
13,132
13,131
13,130
13,129
13,128
13,127
13,126
13,125
13,124
13,123
13,122
13,121
13,120
13,119
13,118
13,117
13,116
13,115
13,114
13,113
13,112
13,111
13,110
13,109
13,108
13,107
13,106
13,105
13,104
13,103
13,102
13,101
13,100
13,99
13,98
13,97
13,96
13,95
13,94
13,93
13,92
13,91
13,90
13,89
13,88
13,87
13,86
13,85
13,84
13,83
13,82
13,81
13,80
13,79
13,78
13,77
13,76
13,75
13,74
13,73
13,72
13,71
13,70
13,69
13,68
13,67
13,66
13,65
13,64
13,36
13,35
13,34
13,33
13,32
13,31
13,30
13,29
13,28
13,27
13,26
13,25
13,24
13,23
13,22
13,21
13,20
13,19
13,18
13,17
13,16
13,15
13,14
13,13
13,12
13,11
13,10
13,9
13,8
13,7
13,6
13,5
4294967279,415
13,4
13,3
13,2
13,1
4294967294,1422
12,18
12,17
12,16
12,15
12,14
12,13
12,12
12,11
12,10
12,9
12,8
12,7
12,6
12,5
12,4
12,3
12,2
12,1
11,19
11,18
11,17
11,16
11,15
11,14
11,13
11,12
11,11
11,10
11,9
11,8
11,7
11,6
11,5
11,4
11,3
11,2
11,1
4294967294,430
4294967294,472
4294967278,329
4294967293,131
4294967293,130
4294967293,129
4294967293,128
4294967293,127
4294967293,126
4294967293,125
4294967293,124
4294967293,123
4294967293,122
4294967293,121
4294967293,120
4294967293,119
4294967293,118
4294967293,117
4294967293,116
4294967293,115
4294967293,114
4294967293,113
4294967293,112
4294967293,111
4294967293,110
4294967293,109
4294967293,108
4294967293,107
4294967293,106
4294967293,105
4294967293,104
4294967293,103
4294967293,102
4294967293,101
4294967293,100
4294967293,99
4294967293,98
4294967293,97
4294967293,96
4294967293,95
4294967293,94
4294967293,93
4294967293,92
4294967293,91
4294967293,90
4294967293,89
4294967293,88
4294967293,87
4294967293,86
4294967293,85
4294967293,84
4294967293,83
4294967293,82
4294967293,81
4294967293,80
4294967293,79
4294967293,78
4294967293,77
4294967293,76
4294967293,75
4294967293,74
4294967293,73
4294967293,72
4294967293,71
4294967293,70
4294967293,69
4294967293,68
4294967293,67
4294967293,66
4294967293,65
4294967293,64
4294967293,63
4294967293,62
4294967293,61
4294967293,60
4294967293,59
4294967293,58
4294967293,57
4294967293,56
4294967293,55
4294967293,54
4294967293,53
4294967293,52
4294967293,51
4294967293,50
4294967293,49
4294967293,48
4294967293,47
4294967293,46
4294967293,45
4294967293,44
4294967293,43
4294967293,42
4294967293,41
4294967293,40
4294967293,39
4294967293,38
4294967293,37
4294967293,36
4294967293,35
4294967293,34
4294967293,33
4294967293,32
4294967293,31
4294967293,30
4294967293,29
4294967293,28
4294967293,27
